=======send=========
fd=0x9d,size=0xb,type=undefined,buffer=3,0,0,11,6,224,0,0,0,0,0
ret=0xb
=======send=========
fd=0x9d,size=0x1df,type=211,buffer=3,0,1,223,2,240,128,127,101,130,1,211,4,1,1,4,1,1,1,1,255,48,26,2,1,34,2,1,2,2,1,0,2,1,1,2,1,0,2,1,1,2,3,0,255,255,2,1,2,48,25,2,1,1,2,1,1,2,1,1,2,1,1,2,1,0,2,1,1,2,2,4,32,2,1,2,48,32,2,3,0,255,255,2,3,0,252,23,2,3,0,255,255,2,1,1,2,1,0,2,1,1,2,3,0,255,255,2,1,2,4,130,1,109,0,5,0,20,124,0,1,129,100,0,8,0,16,0,1,192,0,68,117,99,97,129,86,1,192,234,0,12,0,8,0,0,10,64,6,1,202,3,170,0,0,0,0,187,71,0,0,72,0,115,0,108,0,65,0,112,0,107,0,0,0,0,0,0,0,0,0,0,0,0,0,0,0,0,0,0,0,0,0,4,0,0,0,0,0,0,0,12,0,0,0,0,0,0,0,0,0,0,0,0,0,0,0,0,0,0,0,0,0,0,0,0,0,0,0,0,0,0,0,0,0,0,0,0,0,0,0,0,0,0,0,0,0,0,0,0,0,0,0,0,0,0,0,0,0,0,0,0,0,0,0,0,0,0,0,1,202,1,0,0,0,0,0,24,0,15,0,163,5,0,0,0,0,0,0,0,0,0,0,0,0,0,0,0,0,0,0,0,0,0,0,0,0,0,0,0,0,0,0,0,0,0,0,0,0,0,0,0,0,0,0,0,0,0,0,0,0,0,0,0,0,0,0,0,0,0,0,0,0,0,0,0,0,6,0,0,0,0,0,0,0,0,0,0,0,0,0,0,0,125,0,0,0,0,0,0,0,4,192,12,0,13,0,0,0,0,0,0,0,2,192,12,0,27,0,0,0,0,0,0,0,3,192,68,0,5,0,0,0,114,100,112,100,114,0,0,0,0,0,128,192,114,100,112,115,110,100,0,0,0,0,0,192,99,108,105,112,114,100,114,0,0,0,160,192,114,97,105,108,0,0,0,0,0,0,160,192,100,114,100,121,110,118,99,0,0,0,128,192,6,192,8,0,0,0,0,0,10,192,8,0,0,0,0,0
ret=0x1df
=======send=========
fd=0x9d,size=0xc,type=0,buffer=3,0,0,12,2,240,128,4,1,0,1,0
ret=0xc
=======send=========
fd=0x9d,size=0x8,type=undefined,buffer=3,0,0,8,2,240,128,40
ret=0x8
=======send=========
fd=0x9d,size=0xc,type=242,buffer=3,0,0,12,2,240,128,56,0,9,3,242
ret=0xc
=======send=========
fd=0x9d,size=0xc,type=235,buffer=3,0,0,12,2,240,128,56,0,9,3,235
ret=0xc
=======send=========
fd=0x9d,size=0xc,type=241,buffer=3,0,0,12,2,240,128,56,0,9,3,241
ret=0xc
=======send=========
fd=0x9d,size=0xc,type=236,buffer=3,0,0,12,2,240,128,56,0,9,3,236
ret=0xc
=======send=========
fd=0x9d,size=0xc,type=237,buffer=3,0,0,12,2,240,128,56,0,9,3,237
ret=0xc
=======send=========
fd=0x9d,size=0xc,type=238,buffer=3,0,0,12,2,240,128,56,0,9,3,238
ret=0xc
=======send=========
fd=0x9d,size=0xc,type=239,buffer=3,0,0,12,2,240,128,56,0,9,3,239
ret=0xc
=======send=========
fd=0x9d,size=0xc,type=240,buffer=3,0,0,12,2,240,128,56,0,9,3,240
ret=0xc
=======send=========
fd=0x9d,size=0x143,type=235,buffer=3,0,1,67,2,240,128,100,0,9,3,235,112,129,52,64,0,0,0,0,0,0,0,243,199,3,2,0,0,0,0,0,0,0,0,0,0,0,0,0,0,0,0,0,0,0,0,2,0,22,0,49,0,50,0,55,0,46,0,48,0,46,0,48,0,46,0,49,0,0,0,0,0,66,0,67,0,58,0,92,0,87,0,105,0,110,0,100,0,111,0,119,0,115,0,92,0,83,0,121,0,115,0,116,0,101,0,109,0,51,0,50,0,92,0,109,0,115,0,116,0,115,0,99,0,97,0,120,0,46,0,100,0,108,0,108,0,0,0,0,0,32,254,255,255,67,0,0,0,108,0,0,0,105,0,0,0,101,0,0,0,110,0,0,0,116,0,0,0,32,0,0,0,76,0,0,0,111,0,0,0,99,0,0,0,97,0,0,0,108,0,0,0,32,0,0,0,84,0,0,0,105,0,0,0,109,0,0,0,0,0,0,0,0,0,0,0,0,0,0,0,0,0,0,0,0,0,0,0,67,0,0,0,108,0,0,0,105,0,0,0,101,0,0,0,110,0,0,0,116,0,0,0,32,0,0,0,76,0,0,0,111,0,0,0,99,0,0,0,97,0,0,0,108,0,0,0,32,0,0,0,84,0,0,0,105,0,0,0,109,0,0,0,0,0,0,0,0,0,0,0,0,0,0,0,0,0,0,0,0,0,0,0,0,0,0,0,11,1,0,0,0,0
ret=0x143
=======send=========
fd=0x9d,size=0x1fb,type=235,buffer=3,0,1,251,2,240,128,100,0,9,3,235,112,129,236,236,1,19,0,242,3,242,3,1,0,234,3,8,0,212,1,70,82,69,69,82,68,80,0,22,0,0,0,1,0,24,0,0,0,0,0,0,2,0,0,0,0,21,4,0,0,0,0,0,0,1,1,2,0,28,0,32,0,1,0,1,0,1,0,0,10,64,6,0,0,1,0,1,0,0,14,1,0,0,0,3,0,88,0,0,0,0,0,0,0,0,0,0,0,0,0,0,0,0,0,0,0,0,0,1,0,20,0,0,0,1,0,0,0,170,0,1,1,1,0,0,0,0,0,1,0,1,0,0,0,0,0,0,0,1,0,0,0,1,0,0,0,0,0,0,0,0,0,0,0,4,0,0,0,0,0,0,132,3,0,0,0,0,0,233,253,0,0,19,0,40,0,2,0,0,5,88,2,0,0,88,2,0,0,0,8,0,0,0,16,0,0,0,8,0,0,0,0,0,0,0,0,0,0,0,0,0,0,8,0,10,0,1,0,20,0,20,0,13,0,88,0,45,1,0,0,0,0,0,0,4,0,0,0,0,0,0,0,12,0,0,0,0,0,0,0,0,0,0,0,0,0,0,0,0,0,0,0,0,0,0,0,0,0,0,0,0,0,0,0,0,0,0,0,0,0,0,0,0,0,0,0,0,0,0,0,0,0,0,0,0,0,0,0,0,0,0,0,0,0,0,0,0,0,0,0,15,0,8,0,2,0,0,0,16,0,52,0,254,0,4,0,254,0,4,0,254,0,8,0,254,0,8,0,254,0,16,0,254,0,32,0,254,0,64,0,254,0,128,0,254,0,0,1,64,0,0,1,0,1,0,1,2,0,0,0,20,0,12,0,0,0,0,0,88,127,0,0,12,0,8,0,1,0,0,0,9,0,8,0,0,0,0,0,14,0,8,0,1,0,0,0,5,0,12,0,0,0,0,0,2,0,2,0,10,0,8,0,6,0,0,0,7,0,12,0,0,0,0,0,0,0,0,0,27,0,6,0,3,0,23,0,8,0,157,0,0,0,24,0,11,0,3,0,0,0,3,12,0,26,0,8,0,0,64,250,0,28,0,12,0,82,0,0,0,0,0,0,0,29,0,5,0,0,30,0,8,0,2,0,0,0
ret=0x1fb
=======send=========
fd=0x9d,size=0x25,type=235,buffer=3,0,0,37,2,240,128,100,0,9,3,235,112,128,22,22,0,23,0,242,3,242,3,1,0,0,1,4,0,31,0,0,0,1,0,242,3
ret=0x25
=======send=========
fd=0x9d,size=0x29,type=235,buffer=3,0,0,41,2,240,128,100,0,9,3,235,112,128,26,26,0,23,0,242,3,242,3,1,0,0,1,8,0,20,0,0,0,4,0,0,0,0,0,0,0
ret=0x29
=======send=========
fd=0x9d,size=0x29,type=235,buffer=3,0,0,41,2,240,128,100,0,9,3,235,112,128,26,26,0,23,0,242,3,242,3,1,0,0,1,8,0,20,0,0,0,1,0,0,0,0,0,0,0
ret=0x29
=======send=========
fd=0x9d,size=0x29,type=235,buffer=3,0,0,41,2,240,128,100,0,9,3,235,112,128,26,26,0,23,0,242,3,242,3,1,0,0,1,8,0,39,0,0,0,0,0,0,0,3,0,50,0
ret=0x29
=======send=========
fd=0x9d,size=0x29,type=239,buffer=3,0,0,41,2,240,128,100,0,9,3,239,112,128,26,18,0,0,0,19,0,0,0,3,0,18,0,67,0,0,0,126,0,0,0,2,0,0,0,0,0
ret=0x29
=======send=========
fd=0x9d,size=0x20,type=239,buffer=3,0,0,32,2,240,128,100,0,9,3,239,112,128,17,9,0,0,0,19,0,0,0,3,0,9,0,33,0,0,0,0
ret=0x20
=======send=========
fd=0x9d,size=0x20,type=239,buffer=3,0,0,32,2,240,128,100,0,9,3,239,112,128,17,9,0,0,0,19,0,0,0,3,0,9,0,69,0,0,0,0
ret=0x20
=======send=========
fd=0x9d,size=0x20,type=239,buffer=3,0,0,32,2,240,128,100,0,9,3,239,112,128,17,9,0,0,0,19,0,0,0,3,0,9,0,37,0,0,0,0
ret=0x20
=======send=========
fd=0x9d,size=0x20,type=239,buffer=3,0,0,32,2,240,128,100,0,9,3,239,112,128,17,9,0,0,0,19,0,0,0,3,0,9,0,11,16,0,0,0
ret=0x20
=======send=========
fd=0x9d,size=0x27,type=239,buffer=3,0,0,39,2,240,128,100,0,9,3,239,112,128,24,16,0,0,0,19,0,0,0,3,0,16,0,47,0,0,0,0,0,0,0,0,10,64,6
ret=0x27
=======send=========
fd=0x9d,size=0x27,type=239,buffer=3,0,0,39,2,240,128,100,0,9,3,239,112,128,24,16,0,0,0,19,0,0,0,3,0,16,0,34,0,0,0,21,4,21,2,254,7,254,4
ret=0x27
=======send=========
fd=0x9d,size=0x1b,type=240,buffer=3,0,0,27,2,240,128,100,0,9,3,240,112,128,12,4,0,0,0,3,0,0,0,80,0,1,0
ret=0x1b
=======send=========
fd=0x9d,size=0x1f,type=239,buffer=3,0,0,31,2,240,128,100,0,9,3,239,112,128,16,8,0,0,0,19,0,0,0,5,0,8,0,176,29,0,0
ret=0x1f
=======send=========
fd=0x9d,size=0x1f,type=239,buffer=3,0,0,31,2,240,128,100,0,9,3,239,112,128,16,8,0,0,0,19,0,0,0,11,0,8,0,213,2,0,0
ret=0x1f
=======send=========
fd=0x9d,size=0x51,type=240,buffer=3,0,0,81,2,240,128,100,0,9,3,240,112,128,66,58,0,0,0,3,0,0,0,48,1,2,0,0,0,56,0,0,0,40,0,0,0,1,0,0,0,1,0,0,0,0,0,0,0,0,0,0,0,0,10,0,0,64,6,0,0,95,3,0,0,21,2,0,0,0,0,0,0,100,0,0,0,100,0,0,0
ret=0x51
=======send=========
fd=0x9d,size=0x1d,type=240,buffer=3,0,0,29,2,240,128,100,0,9,3,240,112,128,14,6,0,0,0,3,0,0,0,16,1,0,0,0,0
ret=0x1d
=======send=========
fd=0x9d,size=0x1d,type=240,buffer=3,0,0,29,2,240,128,100,0,9,3,240,112,128,14,6,0,0,0,3,0,0,0,16,2,0,0,0,0
ret=0x1d
=======send=========
fd=0x9d,size=0x9b,type=240,buffer=3,0,0,155,2,240,128,100,0,9,3,240,112,128,140,132,0,0,0,3,0,0,0,48,2,18,0,0,0,130,0,0,0,9,0,4,0,8,0,4,0,0,0,1,0,0,0,5,1,8,0,4,0,0,0,1,0,0,0,2,0,10,0,4,0,0,0,32,0,0,0,0,1,10,0,16,0,0,0,0,0,0,0,0,0,0,0,0,0,0,0,0,0,0,0,0,2,10,0,4,0,0,0,32,0,0,0,1,3,10,0,4,0,0,0,32,0,0,0,0,4,10,0,4,0,0,0,32,0,0,0,2,5,10,0,4,0,0,0,32,0,0,0,0,6,10,0,4,0,0,0,32,0,0,0
ret=0x9b
=======send=========
fd=0x9d,size=0x1d,type=240,buffer=3,0,0,29,2,240,128,100,0,9,3,240,112,128,14,6,0,0,0,3,0,0,0,16,3,0,0,0,0
ret=0x1d
=======send=========
fd=0x9d,size=0x35,type=240,buffer=3,0,0,53,2,240,128,100,0,9,3,240,112,128,38,30,0,0,0,3,0,0,0,48,3,8,0,0,0,28,0,0,0,67,65,80,83,0,32,0,0,20,0,0,0,0,0,0,0,0,0,0,0
ret=0x35
=======send=========
fd=0x9d,size=0x1d,type=240,buffer=3,0,0,29,2,240,128,100,0,9,3,240,112,128,14,6,0,0,0,3,0,0,0,16,4,0,0,0,0
ret=0x1d
=======send=========
fd=0x9d,size=0x43,type=240,buffer=3,0,0,67,2,240,128,100,0,9,3,240,112,128,52,44,0,0,0,3,0,0,0,48,4,7,0,38,0,3,0,0,0,0,0,0,0,0,0,0,0,0,0,1,0,0,8,0,0,1,0,2,0,68,172,0,0,16,177,2,0,4,0,16,0,0,0
ret=0x43
=======send=========
fd=0x9d,size=0x21,type=240,buffer=3,0,0,33,2,240,128,100,0,9,3,240,112,128,18,10,0,0,0,3,0,0,0,48,4,12,0,4,0,2,0,0,0
ret=0x21
=======send=========
fd=0x9d,size=0x1d,type=240,buffer=3,0,0,29,2,240,128,100,0,9,3,240,112,128,14,6,0,0,0,3,0,0,0,16,5,0,0,0,0
ret=0x1d
=======send=========
fd=0x9d,size=0x29,type=240,buffer=3,0,0,41,2,240,128,100,0,9,3,240,112,128,26,18,0,0,0,3,0,0,0,48,5,2,0,16,0,0,0,7,0,0,0,1,0,1,0,64,0
ret=0x29
=======send=========
fd=0x9d,size=0x2f,type=238,buffer=3,0,0,47,2,240,128,100,0,9,3,238,112,128,32,24,0,0,0,19,0,0,0,7,0,0,0,16,0,0,0,1,0,0,0,1,0,12,0,2,0,0,0,0,0,0,0
ret=0x2f
=======send=========
fd=0x9d,size=0x43,type=238,buffer=3,0,0,67,2,240,128,100,0,9,3,238,112,128,52,44,0,0,0,19,0,0,0,2,0,0,0,36,0,0,0,0,0,0,0,0,0,0,0,0,0,0,0,0,0,0,0,0,0,0,0,0,0,0,0,0,0,0,0,0,0,0,0,0,0,0,0
ret=0x43